tree
version=v4
num_class=1
num_tree_per_iteration=1
label_index=0
max_feature_idx=5
objective=binary sigmoid:1
feature_names=step type amount oldbalanceOrg oldbalanceDest log_amount
feature_infos=[1:323] -1:1:3:0:4 [0.029999999999999999:63847992.579999998] [0:38563401.409999996] [0:192144001.97] [0.029558802241544401:17.972015715986668]
tree_sizes=3489 3551 3462 3517

Tree=0
num_leaves=31
num_cat=0
split_feature=3 2 4 2 3 2 3 2 3 3 3 2 3 2 2 4 0 3 0 3 0 3 2 3 0 2 3 2 2 0
split_gain=6.3469e+08 3.44077e+08 1.25561e+08 1.08463e+08 1.1626e+08 7.09685e+07 9.35442e+07 3.27154e+07 4.2451e+07 3.63765e+07 2.72685e+07 1.67535e+07 6.82526e+06 3.98461e+07 2.87764e+07 6.71881e+06 6.5514e+06 5.57775e+06 5.31679e+06 3.32141e+06 3.28696e+06 3.27332e+06 2.52405e+06 2.48762e+06 2.30079e+06 2.1934e+06 2.15218e+06 9.98267e+06 6.9962e+06 1.90638e+06
threshold=52787.680000000008 53004.80000000001 112890.87500000001 428973.84500000003 423012.74500000005 53004.80000000001 1347.3750000000002 16479.475000000002 16156.440000000001 15081.500000000002 423012.74500000005 510.46000000000004 207731.44500000004 207152.10500000001 207152.10500000001 1685.8400000000004 124.00000000000001 100.26000000000001 121.50000000000001 125479.34000000001 142.50000000000003 10362718.740000002 1.0000000180025095e-35 50075.000000000007 48.500000000000007 16096.770000000002 31983.000000000004 31213.930000000004 32183.350000000002 21.500000000000004
decision_type=2 2 2 2 2 2 2 2 2 2 2 2 2 2 2 2 2 2 2 2 2 2 2 2 2 2 2 2 2 2
left_child=5 -2 12 4 19 6 11 9 -9 15 -5 17 13 -3 -14 16 24 22 -10 -4 -20 -12 -1 26 -8 -11 28 -28 -22 -21
right_child=1 2 3 10 -6 -7 7 8 18 25 21 -13 14 -15 -16 -17 -18 -19 20 29 23 -23 -24 -25 -26 -27 27 -29 -30 -31
leaf_value=38.816785595630989 -6.6962498638987089 48.998384853068004 27.854049788673684 -7.1575830769283693 -7.159933029782918 -5.9526850767869304 24.369935469979751 -7.1591493301632498 47.512915913980798 -7.1597677500433328 51.990100274773738 -6.5687453542738847 -7.1574781233357676 -7.1585418333786093 53.555365365097067 41.080462141146967 12.150027937259669 45.566892584016422 4.1470479697869411 18.397414010381294 35.56675915456421 -7.1437039439707153 -7.1558272760654411 1.7163459448501435 45.715516749892075 23.847710296187383 -7.1546385084434343 48.441575551467352 -7.1556663127308999 39.215446331058203
leaf_weight=2.9951049685478202 394.97435388399754 487.31871663162019 152.84473131177947 20.654822831973433 285.99524940061383 1063.6558987470344 45.59507043811027 55.424209529068321 149.02863978839014 153.14888949075248 423.29552540415898 516.61623944761232 19.796108032460324 33.77040699205827 1375.1747879171744 52.294762695673853 106.78115263814107 19.897641274961643 9.831184014095923 15.767367259715682 60.604846965754405 2.3518836484290651 11.807532366714439 5.9011160670779637 23.311909972806461 4.923747419496066 9.0324075208045524 74.963657364132814 11.345147474668918 241.86811702104751
leaf_count=3 480668 49559 79780 25328 350702 1278621 26553 67964 18831 187799 17534 627385 24275 41411 16573 12750 89350 2381 9609 10772 21717 2884 14479 6013 2898 2368 11076 7520 13912 71513
internal_value=23.5408 37.2236 42.8928 29.7137 17.3258 3.65046 11.4202 22.7569 33.2554 12.4505 48.9477 -4.2785 50.7297 45.3659 52.6944 25.1862 20.2092 28.8482 40.2183 34.3445 33.6063 51.664 4.46341 35.3156 32.2438 -6.00542 36.5227 42.5329 28.9219 38.0449
internal_weight=5830.97 3453.81 3058.84 1142.78 696.475 2377.16 1313.5 762.187 376.131 386.056 446.302 551.317 1916.06 521.089 1394.97 227.983 175.688 34.7003 320.707 410.48 171.678 425.647 14.8026 161.847 68.907 158.073 155.946 83.9961 71.95 257.635
internal_count=3572228 1170999 690331 558513 512767 2401229 1122608 478360 156642 321718 45746 644248 131818 90970 40848 131551 118801 16863 88678 162065 69847 20418 14482 60238 29451 190167 54225 18596 35629 82285
is_linear=0
shrinkage=1


Tree=1
num_leaves=31
num_cat=0
split_feature=3 2 3 2 4 2 3 2 4 2 3 3 2 0 3 4 2 2 2 3 3 0 2 3 3 2 3 2 3 0
split_gain=4.03706e+07 1.03059e+08 6.11202e+08 1.36317e+09 6.65331e+09 1.05391e+08 1.6869e+08 1.0297e+08 3.0858e+09 1.78889e+07 9.5308e+07 9.76217e+09 2.31373e+06 2.38163e+06 2.28192e+08 2.19668e+06 8.8814e+06 1.76998e+06 3.39666e+06 1.3812e+06 4.473e+06 3.48563e+07 1.28322e+07 2.66056e+08 2.51386e+07 1.24113e+06 1.07484e+06 2.09176e+06 804211 710512
threshold=53994.500000000007 53004.80000000001 423012.74500000005 207152.10500000001 108526.61500000001 428973.84500000003 11217311.570000002 428973.84500000003 108526.61500000001 16479.475000000002 1347.3750000000002 15081.500000000002 49926.545000000006 121.50000000000001 16156.440000000001 57372.020000000011 204502.29500000001 15714.230000000001 16096.770000000002 50075.000000000007 16156.440000000001 142.50000000000003 32183.350000000002 32558.170000000002 31471.275000000005 417788.98000000004 609.50000000000011 1341.9300000000003 448517.83500000002 8.5000000000000018
decision_type=2 2 2 2 2 2 2 2 2 2 2 2 2 2 2 2 2 2 2 2 2 2 2 2 2 2 2 2 2 2
left_child=9 -2 3 4 -3 15 -7 8 -5 10 26 -12 13 14 -11 16 -4 -13 -19 20 -15 -22 23 -23 -24 -17 -1 -28 -27 -14
right_child=1 2 5 7 -6 6 -8 -9 -10 12 11 17 29 19 -16 25 -18 18 -20 -21 21 22 24 -25 -26 28 27 -29 -30 -31
leaf_value=-0.19188011304572211 0.053888926171044071 -232.89217460504724 -0.03961695135560437 -14.893736502090299 -4344.5068463562284 -739.31599568892671 -0.065070661420253015 -4.5275708473440268 -2619.8814332455959 0.74048158978777334 -3764.4511640612859 -0.049669704326734919 7.6884621652482217 0.17282715366317791 -648.92640145136238 -0.14978745305174729 -161.90492526016044 -0.031542388173900517 -111.32214510419638 -0.37961932330737741 -2.4495640637630882 -730.28759045410015 -0.044654641455114753 -2.3082752716877053 -235.34164642199505 41.953265280716359 24.539956793314602 -0.047945241734646073 -0.29713589920744066 0.14468251384444361
leaf_weight=550.40409188175295 588.29453994193989 9.2107591239038573 4.2810351476073256 22.693217868858497 0.12143938127364862 0.26022976264357511 1.9911519717425106 27.93222506379243 0.19746063022752025 76.487551228724215 0.74299187060085969 147.87119588931091 30.477973276326338 273.82980604899853 0.37590921972878177 275.1438511966262 0.056779717619065084 1.9755843861494278 0.050532484789122978 747.7613814114593 163.71495318785304 0.48594790677276734 9.2219821305479819 8.1199321174062771 0.29454239504411894 1.9145342982374125 12.246027214452623 24.916134190745652 1.8125028759241102 3715.936464332915
leaf_count=401272 476099 59822 5504 36549 97753 20379 2550 38518 63110 59554 131353 188840 6955 217226 18283 355148 3500 2524 2386 7644 8238 22385 11835 10823 6532 24 2242 17802 2351 1293944
internal_value=-3.05049 -12.6885 -34.3158 -177.764 -701.701 -3.57172 -286.619 -69.8743 -146.086 -1.48721 -8.74972 -44.0902 -0.419131 -2.25325 -10.7301 -0.321037 -32.094 -0.824705 -38.6787 -1.70337 -3.87007 -9.92596 -73.8062 -115.161 -29.0135 0.286081 0.370393 8.48509 25.6891 0.20809
internal_weight=6698.82 933.91 345.615 60.1551 9.3322 285.46 2.25138 50.8229 22.8907 5764.91 738.207 150.64 5026.71 1280.29 76.8635 283.209 4.33781 149.897 2.02612 1203.43 455.667 181.837 18.1224 8.60588 9.51652 278.871 587.566 37.1622 3.72704 3746.41
internal_count=3571145 1161307 685208 295752 157575 389456 22929 138177 99659 2409838 746419 325103 1663419 362520 77837 366527 9004 193750 4910 284683 277039 59813 51575 33208 18367 357523 421316 20044 2375 1300899
is_linear=0
shrinkage=0.05


Tree=2
num_leaves=31
num_cat=2
split_feature=3 2 3 3 2 3 3 1 2 3 0 0 2 1 2 3 3 3 0 0 2 2 2 3 3 0 0 2 3 0
split_gain=6.71493e+09 1.41943e+12 2.54629e+11 2.1053e+11 3.68006e+10 5.42153e+10 1.5597e+10 8.44593e+09 4.24839e+10 2.77006e+11 1.34611e+09 5.82418e+07 3.52763e+07 7.27714e+08 8.94681e+08 3.1563e+09 2.25924e+09 2.63267e+08 1.40355e+09 1.75684e+09 4.98744e+08 8.21909e+08 2.77521e+08 2.33232e+08 1.27974e+08 1.00594e+09 1.188e+09 9.98773e+08 5.17004e+07 4.84193e+07
threshold=59101.805000000008 675815.54500000004 11217311.570000002 403869.50000000006 428973.84500000003 11217311.570000002 403869.50000000006 0 59366.585000000014 448517.83500000002 20.500000000000004 322.50000000000006 57781.915000000008 1 15015.625000000002 1347.3750000000002 18829.645 16156.440000000001 131.50000000000003 124.00000000000001 56181.265000000007 54538.475000000013 49926.545000000006 15790.905000000001 49735.500000000007 141.50000000000003 142.50000000000003 49926.545000000006 15415.905000000001 6.5000000000000009
decision_type=2 2 2 2 2 2 2 9 2 2 2 2 2 9 2 2 2 2 2 2 2 2 2 2 2 2 2 2 2 2
left_child=12 4 3 -3 7 6 -6 8 -2 10 -10 -12 13 14 15 -1 23 -16 19 20 21 22 -19 28 25 -20 -27 -28 -17 -15
right_child=1 2 -4 -5 5 -7 -8 -9 9 -11 11 -13 -14 29 17 16 -18 18 24 -21 -22 -23 -24 -25 -26 26 27 -29 -30 -31
leaf_value=-0.19177974485963792 2.1926238776193676 -46.718681476432401 -0.045842994054028585 68699.392580269065 -60.726172128561053 -0.029475652728932634 16369.334275823143 -0.19428123144728521 1693.3249946867106 -1.547727441459579 20598.728550484942 58.898275274045709 0.023177769198395488 138.17868907516223 -0.071636707840664754 4198.8523080651594 -0.013838994247839222 3564.8728514537725 4.5074517172655488 -0.20615460583059111 -0.076172105474339391 93.878867351678295 -1.891057209954514 0 25.165589930546691 -0.21308934739354368 2642.4203250515911 -1.4147258747042608 0 2.914716226236052
leaf_weight=3.5507170464040874 53.608599915749814 0.12377291135999158 0.20099965110421181 0.0014646843847003757 0.16017536370600183 1.6767213542480019 0.0018855707021430126 779.04386152037841 0.20290580762970634 11.215429162082726 0.94542758532611271 0.0060942042484339867 5247.6824783141437 5.6292775993183559 23.331797791470308 0.0059078428894280277 0.52039273106493056 0.030259629711508189 11.666068468824955 1.469813435571268 0.19008978689089417 0.30255753546953201 0.056462692213244743 0.034708576975390315 18.233125725763134 1.5892806323245161 0.25082614869461384 0.49852061050478369 0.0073848036117851734 3439.9618753263917
leaf_count=3122 44699 15758 300 4298 20443 2269 16704 849420 20425 19114 139757 1057 1268937 2792 10700 589 666 440 117 17 23 21 65 47 277 15 975 246 10 1147185
internal_value=15.6321 149.96 51836.5 61096 68.9341 5752.35 14052.4 49.7822 549.119 3152.66 19573.4 20564.8 2.61811 6.49954 163.011 824.9 2692.97 130.237 216.399 1243.75 2401.55 2730.21 3377.81 4030.2 115.641 223.905 989.187 1888.18 4168.25 3.16655
internal_weight=9602.2 847.187 0.326237 0.125238 846.861 1.83878 0.162061 845.022 65.9785 12.3699 1.15443 0.951522 8755.01 3507.33 61.7379 4.11911 0.568394 57.6188 34.287 2.04918 0.57937 0.38928 0.0867223 0.0480012 32.2378 14.0047 2.33863 0.749347 0.0132926 3445.59
internal_count=3570488 1134244 20356 20056 1113888 39416 37147 1074472 225052 180353 161239 140814 2436244 1167307 17330 4434 1312 12896 2196 566 549 526 505 646 1630 1353 1236 1221 599 1149977
cat_boundaries=0 1 2
cat_threshold=18 16
is_linear=0
shrinkage=0.05


Tree=3
num_leaves=31
num_cat=2
split_feature=3 2 3 2 1 2 3 2 4 2 3 1 2 3 2 3 3 2 4 2 3 2 3 3 4 2 2 3 3 2
split_gain=2.14959e+07 6.79509e+07 1.42297e+09 4.74316e+09 3.41653e+07 1.09687e+08 3.01129e+08 8.45103e+06 1.21404e+07 7.14892e+06 4.83589e+06 1.61088e+07 5.12757e+07 2.4665e+07 2.42011e+07 1.34812e+07 6.55017e+07 1.16366e+09 7.66259e+07 4.44284e+07 3.66826e+07 1.60723e+08 1.31865e+09 1.20745e+08 1.11325e+08 1.11901e+08 8.74609e+07 6.06502e+07 1.58989e+08 3.83645e+07
threshold=60121.000000000007 61117.840000000004 215186.00000000003 742945.80000000016 0 294976.2950000001 473250.02500000008 366548.04500000004 304151.96000000002 675815.54500000004 1347.3750000000002 1 48479.575000000004 53994.500000000007 51419.225000000013 49116.785000000011 32558.170000000002 32183.350000000002 1595396.4650000003 22479.255000000005 19867.000000000004 16479.475000000002 15415.905000000001 15415.905000000001 1078233.5150000004 1341.9300000000003 15015.625000000002 15790.905000000001 16156.440000000001 20159.610000000004
decision_type=2 2 2 2 9 2 2 2 2 2 2 9 2 2 2 2 2 2 2 2 2 2 2 2 2 2 2 2 2 2
left_child=10 -2 3 -3 5 6 -4 8 -7 -9 -1 12 15 -14 -15 16 19 -18 -19 20 21 22 24 -23 25 -12 -27 -25 -29 -30
right_child=1 2 4 -5 -6 7 -8 9 -10 -11 11 -13 13 14 -16 -17 17 18 -20 -21 -22 23 -24 27 -26 26 -28 28 29 -31
leaf_value=-0.025699584216791596 0.020528362193568777 -2994.7483519190737 -1049.2957621667872 -0.46748756492312354 -4.5456822804269832 -78.756926076603207 -3.2955769571416997 -150.85520165662362 181.30392203184195 -1.5993372184300463 -0.0031954468829004097 -0.086865407878993411 -0.14261165299686626 -0.035351040626154989 216.4271965931519 -1.0377187864436033 -0.49332712853539196 1020.0257567473575 83.576836269953091 4.4665404633409187 13.092892887974129 -0.050961511742073508 9.6001700217006434 -0.025700373816629069 122.02117905781603 1378.360850593396 -0.00099607598094590363 -0.025205627871941395 878.22979406205195 -0.60557776872395874
leaf_weight=19642.916142442489 918.86561810999524 0.74067773680940163 0.18103407800663252 5.5076749324798584 260.10636117487229 0.025894469639752393 1.6636287739092948 0.11199745701196695 0.16020424623275176 2.9593477249145508 0.17258450762051625 5026.470511504901 1579.2705519243034 2.5558181628584795 1.6089622887516326 89.152474844246171 39.096512309042737 2.2294611651450391 0.43810372240841378 340.39415436610579 86.79904621373862 57.45183695666492 18.022489509545267 1.205170109868049 0.50471398700028647 1.4868819117546079 0.12066255975514639 1.1669508554041383 0.25312659516930569 0.13629893586039543
leaf_count=1393940 482502 191056 29081 10299 386531 2503 12632 6898 3418 819 480 665122 314731 123 10394 6971 5261 2390 438 25232 7749 3010 1393 58 1715 5369 577 60 260 147
internal_value=0.0904788 -6.48187 -28.4114 -719.603 -9.48484 -80.2738 -438.729 -10.4604 109.222 -42.7593 0.381628 1.4853 5.01791 0.214051 109.302 16.9882 19.9095 79.3784 930.953 14.8712 35.886 59.9943 178.063 17.9166 1099.42 1232.97 1314.58 292.358 430.211 791.579
internal_weight=28081.8 1190.32 271.457 6.24835 265.208 5.10211 1.84466 3.25744 0.186099 3.07135 26891.5 7248.54 2222.07 1583.44 4.16478 638.63 549.478 41.7641 2.66756 507.714 167.32 80.5207 20.3073 60.2134 2.28484 1.78013 1.60754 2.76155 1.55638 0.389426
internal_count=3571159 1125739 643237 201355 441882 55351 41713 13638 5921 7717 2445420 1051480 386358 325248 10517 61110 54139 8089 2828 46050 20818 13069 9534 3535 8141 6426 5946 525 467 407
cat_boundaries=0 1 2
cat_threshold=2 2
is_linear=0
shrinkage=0.05


end of trees

feature_importances:
oldbalanceOrg=48
amount=45
step=15
oldbalanceDest=8
type=4

parameters:
[boosting: gbdt]
[objective: binary]
[metric: custom]
[tree_learner: serial]
[device_type: cpu]
[data_sample_strategy: bagging]
[data: ]
[valid: ]
[num_iterations: 3000]
[learning_rate: 0.05]
[num_leaves: 31]
[num_threads: 12]
[seed: 42]
[deterministic: 0]
[force_col_wise: 0]
[force_row_wise: 0]
[histogram_pool_size: -1]
[max_depth: -1]
[min_data_in_leaf: 100]
[min_sum_hessian_in_leaf: 0.001]
[bagging_fraction: 0.8]
[pos_bagging_fraction: 1]
[neg_bagging_fraction: 1]
[bagging_freq: 1]
[bagging_seed: 400]
[bagging_by_query: 0]
[feature_fraction: 0.9]
[feature_fraction_bynode: 1]
[feature_fraction_seed: 30056]
[extra_trees: 0]
[extra_seed: 12879]
[early_stopping_round: 0]
[early_stopping_min_delta: 0]
[first_metric_only: 0]
[max_delta_step: 0]
[lambda_l1: 0.1]
[lambda_l2: 1]
[linear_lambda: 0]
[min_gain_to_split: 0]
[drop_rate: 0.1]
[max_drop: 50]
[skip_drop: 0.5]
[xgboost_dart_mode: 0]
[uniform_drop: 0]
[drop_seed: 17869]
[top_rate: 0.2]
[other_rate: 0.1]
[min_data_per_group: 100]
[max_cat_threshold: 32]
[cat_l2: 10]
[cat_smooth: 10]
[max_cat_to_onehot: 4]
[top_k: 20]
[monotone_constraints: ]
[monotone_constraints_method: basic]
[monotone_penalty: 0]
[feature_contri: ]
[forcedsplits_filename: ]
[refit_decay_rate: 0.9]
[cegb_tradeoff: 1]
[cegb_penalty_split: 0]
[cegb_penalty_feature_lazy: ]
[cegb_penalty_feature_coupled: ]
[path_smooth: 0]
[interaction_constraints: ]
[verbosity: -1]
[saved_feature_importance_type: 0]
[use_quantized_grad: 0]
[num_grad_quant_bins: 4]
[quant_train_renew_leaf: 0]
[stochastic_rounding: 1]
[linear_tree: 0]
[max_bin: 255]
[max_bin_by_feature: ]
[min_data_in_bin: 3]
[bin_construct_sample_cnt: 200000]
[data_random_seed: 175]
[is_enable_sparse: 1]
[enable_bundle: 1]
[use_missing: 1]
[zero_as_missing: 0]
[feature_pre_filter: 1]
[pre_partition: 0]
[two_round: 0]
[header: 0]
[label_column: ]
[weight_column: ]
[group_column: ]
[ignore_column: ]
[categorical_feature: 1]
[forcedbins_filename: ]
[precise_float_parser: 0]
[parser_config_file: ]
[objective_seed: 16083]
[num_class: 1]
[is_unbalance: 0]
[scale_pos_weight: 1224.25]
[sigmoid: 1]
[boost_from_average: 1]
[reg_sqrt: 0]
[alpha: 0.9]
[fair_c: 1]
[poisson_max_delta_step: 0.7]
[tweedie_variance_power: 1.5]
[lambdarank_truncation_level: 30]
[lambdarank_norm: 1]
[label_gain: ]
[lambdarank_position_bias_regularization: 0]
[eval_at: ]
[multi_error_top_k: 1]
[auc_mu_weights: ]
[num_machines: 1]
[local_listen_port: 12400]
[time_out: 120]
[machine_list_filename: ]
[machines: ]
[gpu_platform_id: -1]
[gpu_device_id: -1]
[gpu_device_id_list: ]
[gpu_use_dp: 0]
[num_gpu: 1]

end of parameters

pandas_categorical:[["CASH_IN", "CASH_OUT", "DEBIT", "PAYMENT", "TRANSFER"]]
